cam_ids:
- 18080155
- 18159617

cam_aliases:
- cam0
- cam1

master_cam: 18080155
save_type: .bmp #binary or .tiff or .bmp
binning: 1 # going from 2 to 1 requires cameras to be unplugged and replugged
color: true

skip: 5

#Camera info message details
distortion_model: plumb_bob
distortion_coeffs:
- [-0.19843181573753013, 0.12819178650393823, -0.001726078796615578, 0.0008778662882244708]
- [-0.20415211335775213, 0.11780750303774966, 0.0013345530611842329, 0.0005387805721691667]

#specified as [fx  0 cx 0 fy cy 0  0  1]
intrinsic_coeffs:

- [1744.8992621556536, 0.0, 754.6592459445833, 0.0, 1757.5418526437625, 532.3578526110443, 0.0, 0.0, 1.0]
- [1788.62279298012, 0.0, 727.6553519698307, 0.0, 1799.7261529927866, 563.1083642405222, 0.0, 0.0, 1.0]

#- [1886.9232141485886, 0.0, 604.7214878709341, 0.0, 1886.6668765711668, 493.47726714719823, 0.0, 0.0, 1.0]
#- [1872.1392958276606, 0.0, 583.2925844388025, 0.0, 1872.6168324818198, 483.72597760530056, 0.0, 0.0, 1.0]
#- [1872.6246599679714, 0.0, 594.706935782809, 0.0, 1873.4112078551445, 497.511707550892, 0.0, 0.0, 1.0]
#- [1867.922201234431, 0.0, 565.5570110679519, 0.0, 1868.1730959576214, 485.76092237501405, 0.0, 0.0, 1.0]
#- [1880.7646202582603, 0.0, 582.3098456998288, 0.0, 1883.4340813437482, 483.8937525066349, 0.0, 0.0, 1.0]
